 3.2917389449113288
 3.2484054639347408
 3.2103013724718914
 3.0926514785655703
 2.7881237523819253
 2.4763812486064509
 2.302028056705693
 2.2295969100879303
 2.0689943026741742
 1.7119058098267284
 1.5797122441368145
 1.4306956853580752
 1.2635591362702163
 1.1942633923200974
 1.1235990481339337
 1.0320413639430328
 0.99495494871535728
 0.94836025862347628
 0.91338102050762471
 0.86814330009257235
 0.84487354433077
 0.83223986351385648
 0.79510261772355362
 0.77442324147993313
 0.75605664070129064
 0.72510437260686134
 0.69753031184468639
 0.69206948429337112
 0.67571478667764984
 0.61514110072295725
 0.55776948650714619
 0.5344552974248522
 0.50218722226571477
 0.48612880537198072
 0.48160106506774641
 0.47108086027580753
 0.46632310318084197
 0.45956060802717164
 0.45393707394998778
 0.44792271862999472
 0.43134893492031423
 0.41342589891611287
 0.40082379850629701
 0.39198723583713585
 0.37389956925156259
 0.36065213751971842
 0.35597650306669615
 0.34344805726554889
 0.33464805392206448
 0.32966895203570046
 0.32368911746791756
 0.32088862862019246
 0.31729120344900913
 0.31410619707506143
 0.31039384655272906
 0.30658006414389583
 0.3040722234493245
 0.30141062672063296
 0.28965207015245592
 0.2843680321709568
 0.28200059772873964
 0.27867958142876476
 0.27572652205099385
 0.27271283237504679
 0.26747873071602479
 0.26312004108984188
 0.25769236802873036
 0.25040018600207409
 0.24728852531892537
 0.24282771441666626
 0.24051710309087651
 0.23908176618023544
 0.23574601190138511
 0.23444288489293164
 0.23293325379637669
 0.23122108768567162
 0.22932410852174481
 0.22755757527918566
 0.2233432841811849
 0.21074875722746597
 0.1838425014754495
 0.15928025938692744
 0.15046672618326268
 0.14225395362985571
 0.13186161404547125
 0.12406397383567103
 0.11898431959718424
 0.1137364685387916
 0.11107318827159335
 0.10831640530308403
 0.10479990811405411
 0.10217747339178261
 0.10045654927671109
 0.098212000887826806
 0.096497756289629769
 0.095576324645677918
 0.093560154957854511
 0.090638506343659442
 0.08933570209749149
 0.088725172405194258
 0.087838154085901149
 0.087435911369868821
 0.086958787017379913
 0.086363348986793584
 0.085888660530733005
 0.084903328391853092
 0.082539917915484234
 0.076009549929202863
 0.070921446876396788
 0.068112149828566587
 0.066342419738956229
 0.065104227386899027
 0.064260634468480141
 0.062166771631327722
 0.061033687923323476
 0.060441291811424373
 0.059603285594275475
 0.0592532734763518
 0.058794822424015583
 0.058369501088136669
 0.057541132924866643
 0.056484444858240057
 0.055303908750443151
 0.055046418475493068
 0.05488473064328124
 0.054757413431402564
 0.054324730975201505
 0.054003722892322283
 0.053808425562947571
 0.053185836393222601
 0.052516534342041454
 0.05185159961694067
 0.051300888329778631
 0.050452566553121157
 0.049596152868339266
 0.049402110798807658
 0.049295212790298491
 0.049072985490623493
 0.048262387786488239
 0.047300604933039073
 0.046331742340105349
 0.045922536018562124
 0.045602908761842566
 0.045116349931380278
 0.044071095498817381
 0.043737893331459131
 0.043366008059985334
 0.04298930671397061
 0.042582025103528168
 0.042153820525033067
 0.041710412350423637
 0.0410360419737298
 0.040528624356182603
 0.037858115996371101
 0.035083650461476164
 0.033843143306134665
 0.033350246003979067
 0.033039761233975784
 0.032795285263618107
 0.032530913596270555
 0.032197511684624529
 0.03192435965889763
 0.031776035724998014
 0.031583009017349964
 0.031463699456995231
 0.031398819659525852
 0.031308081947099414
 0.031229780726945794
 0.031194454097244268
 0.03103553398614517
 0.030903487012312002
 0.030675676464704905
 0.030425116181910551
 0.029754827988295231
 0.02873674423650599
 0.028379646300850374
 0.028369781287490986
 0.028117954876287231
 0.028082943018620993
 0.027965859749966768
 0.027590095725576393
 0.027181968143612647
 0.026745672867460601
 0.026379103500776015
 0.02522476664833366
 0.024073931073142058
 0.023006833003121466
 0.021959286998773732
 0.021032132769265986
 0.019965519027251442
 0.019027928941059983
 0.018496004286399297
 0.018109191661107617
 0.017838255158209082
 0.017444701584461066
 0.016970797360663634
 0.01667179346117411
 0.016426338835914236
 0.016107313629269756
 0.015966917439754067
 0.015902771739896439
 0.015844153405080424
 0.015766119739095336
 0.015712336569102297
 0.015672216871478239
 0.0156313007244877
 0.015594065250663189
 0.015561388776263648
 0.015529046654796038
 0.015468478934823258
 0.015426331313812023
 0.015409825519286918
 0.015387020766845776
 0.015367444185368288
 0.015342803410536076
 0.015331878200565686
 0.015324097438684521
 0.015274150493161037
 0.015234912069768451
 0.015190036777051913
 0.015021672448169789
 0.014938002983554169
 0.014924768307719587
 0.014774238317011199
 0.014733694145768712
 0.014723561412074893
 0.01469208627729536
 0.014624770688951065
 0.014586377666195362
 0.014561938715041828
 0.014511089973496866
 0.014477646090207921
 0.014399146016897547
 0.014363720166120121
 0.014348612494327406
 0.01431721382300827
 0.01429782488278631
 0.01428207637634903
 0.014268077915921279
 0.014240625200940151
 0.014214589235229188
 0.014203520006609679
 0.014197131652071631
 0.014173290624084178
 0.014165533636894542
 0.014159895771846441
 0.014152415008843768
 0.014141377765956118
 0.014132794166391526
 0.014126152795119796
 0.014122077618717701
 0.01410061424053698
 0.014068500695619797
 0.014042217831338164
 0.014029614100419661
 0.014023355864084774
 0.014013996407522142
 0.014005364887862252
 0.013997475304637264
 0.013988505915341797
 0.013963335304205245
 0.01379412816304273
 0.013705387744633406
 0.01358010041775885
 0.013483462056345125
 0.013377340016459235
 0.01332604935679239
 0.013260057189587194
 0.013245514949338108
 0.013227468828538379
 0.013219949127864483
 0.013217638194367397
 0.013197851312932673
 0.013192767474818646
 0.013185966812594421
 0.013181681792433635
 0.013178400490214766
 0.013173555251292308
 0.013171494327683322
 0.013170020860342527
 0.013165407587966364
 0.013159843745277424
 0.013156171301957448
 0.013153085122321453
 0.013148470813091262
 0.013145438247204731
 0.013142825386347846
 0.013136787527338314
 0.013132568689033852
 0.013129420590691401
 0.013123038183342706
 0.013119041553909517
 0.013115555748058831
 0.013105933470231861
 0.013100243795580745
 0.013097981479733694
 0.01308922473649808
 0.013086218619863373
 0.013084528677405682
 0.013078944553281173
 0.013072146982757887
 0.013051355509302321
 0.013039706031370651
 0.013037466162846231
 0.013008610572900746
 0.012999565928961045
 0.012997070666926248
 0.012996175093531487
 0.012994358687318096
 0.012987617623246427
 0.012969094519466779
 0.012945268298805006
 0.012934044483789084
 0.012926007680502742
 0.012901113383949812
 0.012897693659795427
 0.012895461972001147
 0.012894349342339248
 0.01289186301762432
 0.012889750976567017
 0.012888425179439621
 0.012885731767959829
 0.01288201846281823
 0.012879131837804871
 0.012877209792493136
 0.012873954945204217
 0.01286354166297911
 0.012858693905814978
 0.012858410190454831
 0.01285468996803614
 0.012852609643562295
 0.012852097929152984
 0.012848979742087419
 0.012840036617912672
 0.012820077935375873
 0.012797357281183743
 0.012748173930726242
 0.012690389185468744
 0.012638938574546607
 0.012626635201009762
 0.012609497092256084
 0.0126003113617787
 0.012593504892090823
 0.012583402293464829
 0.012579550607501705
 0.012578143634507412
 0.012574850987585384
 0.012571138672585537
 0.012566710399336042
 0.012563046271972418
 0.012560813602648459
 0.012559823786347239
 0.012556994391286413
 0.01255607419980842
 0.01255558150536331
 0.012554762546399055
 0.012550945097583704
 0.012549896438810368
 0.012549587525802906
 0.012548607747250638
 0.01254639436580364
 0.012538920113028415
 0.012530066906699619
 0.012522722086274933
 0.012513265035948637
 0.012507716499531739
 0.012504563452798692
 0.012500264757709347
 0.012499072374361538
 0.012498534091453378
 0.01249717451229302
 0.012496403216540063
 0.012495984688247461
 0.012494883301767692
 0.012493551288422699
 0.012492500723108887
 0.012491841840116471
 0.012491251296426857
 0.012490402536847234
 0.012489189252299381
 0.01248808981430994
 0.012487650517088073
 0.012486542807075573
 0.012482886489282505
 0.012478469319817959
 0.01247352961857162
 0.012470042988307076
 0.012468465348068593
 0.012466503665307519
 0.012464182632488911
 0.012463267738237551
 0.012462501603770175
 0.012461991412863298
 0.012460752238739149
 0.012458604712185841
 0.01245744935752909
 0.012456867693200074
 0.01245523948618445
 0.012454447149747989
 0.012453948281317193
 0.012453601352067254
 0.012452822970294175
 0.012451860860262058
 0.012451399151561434
 0.012450723438913996
 0.012448893727074559
 0.012444053820344704
 0.012431879855139523
 0.012417651117267498
 0.012379025950100375
 0.012330076722232124
 0.012304708639105962
 0.012301602719433664
 0.012287381391090261
 0.0122835233557865
 0.012282247795667032
 0.012281337301079878
 0.012281072917414301
 0.012280115940961744
 0.01227933542563028
 0.012278874820402635
 0.012277854851638065
 0.01227544073373546
 0.012271949498547048
 0.012271468596285551
 0.01227089929768517
 0.012270342895680282
 0.012269340709801173
 0.012268100452431365
 0.012267663155806704
 0.012267235788207386
 0.012266852045805316
 0.012266238599120242
 0.01226529279827001
 0.012264583681299322
 0.012263978276659083
 0.012256710092617109
 0.012248989894295802
 0.012240665796457474
 0.012230895333208196
 0.012222185080363129
 0.012216253931145563
 0.012212373725491202
 0.012200559821715896
 0.01219441877669802
 0.012190206018926135
 0.01218679227389188
 0.012182315283822397
 0.012180334328421584
 0.012179538948820899
 0.012179235032149873
 0.012178790722082338
 0.012178357422251204
 0.012177949421760766
 0.012177329815021542
 0.012176423846417178
 0.012175502896302554
 0.012174990431162568
 0.012174830731468227
 0.012174610857254218
 0.012173959194905154
 0.012172771636543291
 0.012171294685370213
 0.012168833747336821
 0.012165647617302775
 0.012163674655505764
 0.012162555965201416
 0.012159884694725117
 0.012157879784333123
 0.012155186310702138
 0.012152094410301774
 0.012151027640493797
 0.01215043276503338
 0.012150100608929659
 0.01214991266136952
 0.012149089340525068
 0.012148812993433747
 0.012148558262269231
 0.012148262769695436
 0.012147491008178708
 0.012140986985552434
 0.01213176509496652
 0.012124619619928769
 0.012121091054058867
 0.012119160951354277
 0.012117687351669761
 0.01211555873620565
 0.012114048718391536
 0.012113547491379328
 0.012112848443948053
 0.012112584793880396
 0.012112299278301999
 0.0121115750786179
 0.012111146773034017
 0.012109975592812567
 0.012107274748534999
 0.01210341695033876
 0.012099871944507614
 0.012097310753803705
 0.012096198306864283
 0.012094860910043023
 0.012093963355292081
 0.012093621419632652
 0.012093247758332343
 0.012092828038504342
 0.01209254701972217
 0.012092163409463758
 0.012091266045735185
 0.012090213025949054
 0.012089163161087517
 0.012088755541856925
 0.012087535957649328
 0.012085725802629383
 0.012085084186466841
 0.012084844341002803
 0.012084515491887705
 0.012084184736387803
 0.012083873417876707
 0.012082029048919009
 0.012079968305334046
 0.012076205717845232
 0.012072722161405059
 0.012064882578849256
 0.012057244380721498
 0.012052990841680936
 0.012046761507818454
 0.012042019679801872
 0.012036830145335277
 0.0120342151026875
 0.012033813409428263
 0.012030648374888004
 0.012029854484516806
 0.012028740291390149
 0.012028342885009915
 0.012028261705452774
 0.012027569116465318
 0.012027260403246557
 0.012026386417786548
 0.012024634200195585
 0.012022481564572925
 0.012021939176366294
 0.012021602020634774
 0.012021108368611279
 0.012020898133536878
 0.01202067367374004
 0.012020050190727513
 0.012018298376042491
 0.012015807190345404
 0.012015143267347822
 0.012014744009120535
 0.012014238074679665
 0.01201382562882186
 0.012013371668730526
 0.01201295989399296
 0.012012441296646876
 0.012011944659569332
 0.012011454168698471
 0.012010959620486573
 0.012009762680248778
 0.012008571323558426
 0.01200527029763076
 0.012002244139980869
 0.011989591605005276
 0.011977652002838105
 0.011972854143658567
 0.011967108755854262
 0.011960208546662632
 0.011957092141613414
 0.011955247982274431
 0.011950416133324156
 0.011946560678233886
 0.011944220148604955
 0.011941976174491295
 0.01194056189078942
 0.011939307226921402
 0.011938472778250586
 0.011938084806990906
 0.011937661702548475
 0.011937258660404713
 0.011936725626536046
 0.011936266982193834
 0.011935945440529791
 0.011935684745313264
 0.011934827449980872
 0.011933093657161305
 0.011931215837880784
 0.011930272898996921
 0.011929181174988084
 0.011928071140335096
 0.011927505688609494
 0.01192744723661571
 0.011926252923777102
 0.011925794460081077
 0.011925658958829015
 0.011925311116131619
 0.011924883294463836
 0.011923480784087214
 0.011922214313681651
 0.011920999976643417
 0.011919706732216043
 0.011917375670834153
 0.011916169603755874
 0.011915336265923943
 0.011912596383441477
 0.011909381834547223
 0.011906974876774418
 0.011903436951220042
 0.011900918301614438
 0.011899606864184075
 0.011898841749942067
 0.011898133975010119
 0.011896504969652675
 0.0118960269927474
 0.011895711760344858
 0.011895512540956041
 0.011895215763385656
 0.011894945044944642
 0.011894855508967744
 0.01189447307782834
 0.011894291080941791
 0.011894123076387004
 0.011893485341358
 0.011893303706098198
 0.011893197350938269
 0.011892747832996757
 0.011892372898543183
 0.01189114748979158
 0.011889808825876091
 0.011888948441273438
 0.011888316823949838
 0.011886240261363916
 0.011883446983500029
 0.011882591968940259
 0.011882028289501322
 0.011881880606813715
 0.011881675759628531
 0.01188125422562032
 0.011880624117111313
 0.011880050861048338
 0.011879836522796049
 0.011879644760625446
 0.011879441733579497
 0.011877735400509433
 0.011872891742656135
 0.011867371394916214
 0.011860969697921414
 0.011858775145060027
 0.011857463341905078
 0.011856256311099355
 0.011849808205649355
 0.011841659385962534
 0.011834534830846701
 0.011829918352608685
 0.011827342627366413
 0.011820939554739054
 0.011816908437721476
 0.011814906929799727
 0.011813718047459917
 0.011813039011411758
 0.011812657851489685
 0.011811780474673069
 0.011811426775678258
 0.011811109556179008
 0.011810862060361832
 0.01181065395325809
 0.011809940471056695
 0.011809538463048087
 0.011809327334295102
 0.011808662998361545
 0.011808309732881142
 0.011808132921583551
 0.011808081377751902
 0.011807863962241739
 0.011807648950061251
 0.011807573162086962
 0.011807358434240675
 0.0118071493032055
 0.011805689667384794
 0.011803536061898066
 0.011802311457995446
 0.011801410743933517
 0.011800651620456983
 0.011800113281034655
 0.011799927139305558
 0.011799695617583213
 0.011799585467637382
 0.011799453886439087
 0.011799102813295588
 0.011798619421163821
 0.011797800678905524
 0.01179702158395848
 0.011791842953729854
 0.011785510157274068
 0.011778752763876434
 0.01177603937532334
 0.011773665453955567
 0.011771792609910535
 0.011769184586831065
 0.011766905830725434
 0.011765487767204914
 0.011763894496623767
 0.011762037555635794
 0.011761769950933722
 0.011761597871874183
 0.011761396527346455
 0.011761149067031244
 0.011760803646385529
 0.011760325216751747
 0.011759922299941678
 0.011759648846305927
 0.011759544890100688
 0.011759280642018075
 0.011759141946831852
 0.011758816919911
 0.011758447521561159
 0.011757613231942677
 0.011756411204119705
 0.011755258334816327
 0.011755096252423405
 0.011754985867159576
 0.011754879599931869
 0.011754365597426335
 0.011753318490366859
 0.011752213805100957
 0.011750744008780501
 0.011749362498003593
 0.011748728740592743
 0.01174839119660756
 0.011747599279934871
 0.0117458402251354
 0.011744197983711339
 0.011742636733692786
 0.011740020923016009
 0.011738949319796684
 0.011738425445719382
 0.011737945453670335
 0.011737479022330174
 0.011736891609310851
 0.011736577672842856
 0.01173644158838303
 0.011736109873965755
 0.011735270653310986
 0.011734163298429544
 0.011733231601422136
 0.011732486010480235
 0.011731701298864257
 0.011730601023435483
 0.011729941822625789
 0.011729571641747942
 0.011729166630012189
 0.01172894709895796
 0.011728846978923017
 0.011728636749246745
 0.01172808323769183
 0.011726689967487105
 0.011725448365971468
 0.011723363850811325
 0.011721797465636823
 0.011720368602260695
 0.011719054672684944
 0.011718263510577174
 0.011717953101309457
 0.01171713021643727
 0.011716607948553288
 0.011716212006111226
 0.011716035244104533
 0.011715870833126987
 0.011715677784618364
 0.011715549523256348
 0.011715444314266275
 0.011715109227668597
 0.011714807736937829
 0.011714037390924855
 0.011713472400708072
 0.011712964409810671
 0.011711926055393541
 0.011711132056201346
 0.011710798100916473
 0.011710371459585655
 0.011710271983062053
 0.01171017657803701
 0.011709529784983807
 0.01170890270022506
 0.011708101713977527
 0.011707222502588759
 0.011706732223526266
 0.011706426261566996
 0.01170578433589067
 0.011705431261094098
 0.011705038207298138
 0.01170480276217134
 0.011704708500692954
 0.011704339798127752
 0.01170417050526169
 0.011704015738003157
 0.01170380811421713
 0.011703714752497402
 0.011703665527967757
 0.011703313559715579
 0.011703023495995363
 0.011702840682899365
 0.011702116947356535
 0.011701944540303173
 0.011701398128473109
 0.011700732971090814
 0.011700358208448197
 0.011700256732647425
 0.011699993489689142
 0.011699910427696025
 0.011699786414783829
 0.011699676073102669
 0.011699552428160034
 0.011699287737500307
 0.011698495794681478
 0.01169542831754178
 0.01169210317887363
 0.011691092769954083
 0.011690514434164006
 0.011690084063886419
 0.011689847150658302
 0.011689577684952532
 0.011689410245387222
 0.011689318733833002
 0.01168911102484148
 0.01168902604013021
 0.011688836066042735
 0.011688160908142183
 0.011687555191685873
 0.011685671506492159
 0.011683124515397618
 0.011681269076228056
 0.011680946298575795
 0.011680668900685184
 0.011680393966261613
 0.011679660331813158
 0.011678661350649194
 0.011678201155656097
 0.011677866219576725
 0.011677550626280918
 0.011677183669089389
 0.011676495637606244
 0.011676233406629934
 0.011676002494038386
 0.011675832247485076
 0.011675738032128647
 0.011675535016505234
 0.011674939074662518
 0.011674287998004965
 0.011672748693328933
 0.011670764234295094
 0.011668777274769272
 0.011667761354475958
 0.011667512883451249
 0.011666488571286932
 0.01166598362761136
 0.011665813259744178
 0.01166559366484414
 0.011665368142932604
 0.01166512798988872
 0.011664549077586434
 0.011663942622479325
 0.01166374561135009
 0.011663653953180876
 0.011663529042785514
 0.011663318122695323
 0.011663039220080513
 0.011662463257986764
 0.011662118884805247
 0.011661600521997382
 0.011660016441093142
 0.011659198612140636
 0.011658640380680103
 0.011658095455031698
 0.01165554239053973
 0.011652985555875944
 0.01165124458063916
 0.011649907778374633
 0.011647915018761215
 0.011647121255108958
 0.011646963467010581
 0.011646826817244963
 0.011646733268516406
 0.011646498397691033
 0.01164591267982914
 0.011645262862127649
 0.011644938505231101
 0.011644806647880078
 0.01164428949237856
 0.011643874554416452
 0.011643715793445931
 0.011643108326807667
 0.01164277779179828
 0.0116426811528129
 0.011642430251093268
 0.011642345229925032
 0.011642224615402378
 0.011642102799596283
 0.011641926888021079
 0.011641692218269764
 0.011641299818706154
 0.011640810493418721
 0.011640569967507753
 0.011640516783526463
 0.011640080087684818
 0.011639917984170502
 0.011639716473996472
 0.011639507908616358
 0.011639287544576661
 0.011639083655185425
 0.011638430392472213
 0.011637401577348022
 0.011636042283198358
 0.011634744070191877
 0.011634387540545646
 0.01163363052926748
 0.011632871206306071
 0.011632563833186702
 0.011632460738300598
 0.011632308909995573
 0.011632032981103267
 0.011631682298721871
 0.011631277592057886
 0.011631077065670348
 0.011631017471005756
 0.011630866472385974
 0.011630776530592923
 0.011630532821422478
 0.011629932098847134
 0.011629361568058941
 0.011628991298754564
 0.011627851358386621
 0.011626292162914968
 0.011623966911330989
 0.011622562579418044
 0.011619484432733154
 0.011612731083467304
 0.011608839140300925
 0.011607206179743555
 0.011605217268695669
 0.011604671104636251
 0.011604345220948031
 0.011604101850387787
 0.011603598731884665
 0.011603409910705994
 0.011603307640989756
 0.011603157920762178
 0.011603009320042199
 0.011602860486661558
 0.01160261033249033
 0.011602367434650812
 0.011601776675758355
 0.011597056561466285
 0.011593547319790141
 0.011589354396033542
 0.011583353329889369
 0.011577532324794276
 0.01157505701523503
 0.011573320319083889
 0.011571250943181167
 0.01156804997906383
 0.011566997492903698
 0.011566401506283075
 0.011566187377650665
 0.0115659543153097
 0.011565674382529156
 0.011565547463332798
 0.011565532691185732
 0.011565323935138906
 0.011565215231211101
 0.011565060144537205
 0.011564914955794012
 0.011564811693067396
 0.011564651762175256
 0.011564386090701212
 0.011564085788705741
 0.011563822431135209
 0.011563272894604685
 0.011562614184316915
 0.011561890575097142
 0.01156159363932303
 0.011561415792962699
 0.011560944396792993
 0.011560340382929661
 0.011559782499745449
 0.011559509303692589
 0.011559453655521241
 0.011558985072715206
 0.011558757328625827
 0.011558636626030972
 0.011558485681175745
 0.011558358152803089
 0.011558080889917669
 0.01155777015912522
 0.011556939423276565
 0.011555742784196011
 0.011554831180298987
 0.011554549324777761
 0.011554267056328209
 0.011553920085539935
 0.011553604581149495