 3.29961386e+00
 3.25809630e+00
 3.21052433e+00
 3.13314135e+00
 2.92160929e+00
 2.49336122e+00
 2.27094581e+00
 2.15841290e+00
 1.88400595e+00
 1.72813513e+00
 1.56881915e+00
 1.40701311e+00
 1.33561962e+00
 1.23967037e+00
 1.15731239e+00
 1.10706218e+00
 1.07813453e+00
 9.94691962e-01
 9.61774179e-01
 9.29538723e-01
 8.83696243e-01
 8.64904592e-01
 8.51124916e-01
 8.33538802e-01
 7.91038169e-01
 7.57998003e-01
 7.31485546e-01
 6.96441694e-01
 6.85137370e-01
 6.78266270e-01
 6.76266546e-01
 6.68584041e-01
 6.62585717e-01
 6.59046411e-01
 6.56350234e-01
 6.45917617e-01
 6.35861121e-01
 6.33059398e-01
 6.22473296e-01
 6.13018977e-01
 5.93326363e-01
 5.77541576e-01
 5.52904218e-01
 5.31317901e-01
 5.22458089e-01
 5.17535249e-01
 5.13071095e-01
 5.08341147e-01
 4.97582102e-01
 4.85090878e-01
 4.79092330e-01
 4.71462139e-01
 4.67925269e-01
 4.65865334e-01
 4.64486815e-01
 4.60417582e-01
 4.58424137e-01
 4.56631636e-01
 4.54429119e-01
 4.49634123e-01
 4.44896714e-01
 4.33875292e-01
 4.27678887e-01
 4.25384390e-01
 4.18386000e-01
 4.15264695e-01
 4.12744090e-01
 4.09957968e-01
 4.07216087e-01
 4.05608897e-01
 4.05012044e-01
 4.03460737e-01
 4.02642572e-01
 4.01718000e-01
 4.00584667e-01
 3.99793961e-01
 3.99031829e-01
 3.97900670e-01
 3.97151895e-01
 3.96477758e-01
 3.95678388e-01
 3.94744951e-01
 3.93620457e-01
 3.93192508e-01
 3.92580262e-01
 3.91615052e-01
 3.90376450e-01
 3.89092417e-01
 3.88547598e-01
 3.88513813e-01
 3.87853876e-01
 3.87561372e-01
 3.87204442e-01
 3.85963676e-01
 3.84703908e-01
 3.81894258e-01
 3.79092396e-01
 3.72081984e-01
 3.68388621e-01
 3.67963152e-01
 3.65215657e-01
 3.63975291e-01
 3.62338796e-01
 3.61211856e-01
 3.60580205e-01
 3.59958194e-01
 3.59755712e-01
 3.59517550e-01
 3.58944371e-01
 3.58298616e-01
 3.57605675e-01
 3.57291520e-01
 3.56828432e-01
 3.56621878e-01
 3.56557673e-01
 3.56332041e-01
 3.56240211e-01
 3.56131038e-01
 3.55525719e-01
 3.55152800e-01
 3.54891623e-01
 3.54525099e-01
 3.54147363e-01
 3.53795678e-01
 3.53411836e-01
 3.53191246e-01
 3.53044414e-01
 3.52836871e-01
 3.52758323e-01
 3.52676988e-01
 3.52562892e-01
 3.52525208e-01
 3.52386349e-01
 3.52224803e-01
 3.52058881e-01
 3.51814809e-01
 3.51553655e-01
 3.51043543e-01
 3.50393883e-01
 3.49786490e-01
 3.49432306e-01
 3.49294340e-01
 3.48788932e-01
 3.48587023e-01
 3.48470119e-01
 3.48404651e-01
 3.48365062e-01
 3.48226939e-01
 3.48136171e-01
 3.48066712e-01
 3.47988234e-01
 3.47914752e-01
 3.47851458e-01
 3.47756350e-01
 3.47541287e-01
 3.47345800e-01
 3.47150948e-01
 3.46417415e-01
 3.45671290e-01
 3.45143132e-01
 3.44774663e-01
 3.44265911e-01
 3.44010888e-01
 3.43949229e-01
 3.43865443e-01
 3.43820546e-01
 3.43757824e-01
 3.43594521e-01
 3.43503385e-01
 3.43293546e-01
 3.43098191e-01
 3.42893644e-01
 3.42695633e-01
 3.42586252e-01
 3.42506862e-01
 3.42217312e-01
 3.42126270e-01
 3.42022088e-01
 3.41719377e-01
 3.41434343e-01
 3.41227498e-01
 3.41066607e-01
 3.40970480e-01
 3.40919599e-01
 3.40694174e-01
 3.40587318e-01
 3.40563824e-01
 3.40458772e-01
 3.40420790e-01
 3.40396071e-01
 3.40289132e-01
 3.39908446e-01
 3.39694801e-01
 3.39536028e-01
 3.39240695e-01
 3.38959228e-01
 3.38852129e-01
 3.38795043e-01
 3.38732974e-01
 3.38681659e-01
 3.38520166e-01
 3.38353360e-01
 3.38254396e-01
 3.38143429e-01
 3.38019293e-01
 3.37896154e-01
 3.37555294e-01
 3.37276053e-01
 3.37040918e-01
 3.36701128e-01
 3.36291140e-01
 3.36034664e-01
 3.35758476e-01
 3.35546986e-01
 3.35457446e-01
 3.35336332e-01
 3.35298739e-01
 3.35268795e-01
 3.35224359e-01
 3.35201764e-01
 3.35170378e-01
 3.35142827e-01
 3.35085961e-01
 3.34957707e-01
 3.34827939e-01
 3.34638251e-01
 3.34582184e-01
 3.34517583e-01
 3.34464592e-01
 3.34428822e-01
 3.34392063e-01
 3.34319290e-01
 3.34250613e-01
 3.34202698e-01
 3.34178873e-01
 3.34156898e-01
 3.34109234e-01
 3.34070973e-01
 3.34040642e-01
 3.33998483e-01
 3.33961338e-01
 3.33918653e-01
 3.33901847e-01
 3.33853024e-01
 3.33737060e-01
 3.33579376e-01
 3.33429022e-01
 3.33309113e-01
 3.33235312e-01
 3.33197003e-01
 3.33113148e-01
 3.32910217e-01
 3.32843138e-01
 3.32800585e-01
 3.32647387e-01
 3.32529184e-01
 3.32469997e-01
 3.32222549e-01
 3.32031368e-01
 3.31810014e-01
 3.31664901e-01
 3.31569188e-01
 3.31440789e-01
 3.31389422e-01
 3.31365629e-01
 3.31341080e-01
 3.31329335e-01
 3.31305030e-01
 3.31023984e-01
 3.30739342e-01
 3.30430475e-01
 3.30108489e-01
 3.29960514e-01
 3.29949095e-01
 3.29688874e-01
 3.29562053e-01
 3.29497921e-01
 3.29463701e-01
 3.29342678e-01
 3.29317869e-01
 3.29301954e-01
 3.29287265e-01
 3.29267788e-01
 3.29249513e-01
 3.29187095e-01
 3.29133217e-01
 3.29069066e-01
 3.28883598e-01
 3.28572643e-01
 3.28202791e-01
 3.27766519e-01
 3.27559118e-01
 3.27477937e-01
 3.27408374e-01
 3.27365411e-01
 3.27321852e-01
 3.27265667e-01
 3.27235999e-01
 3.27225051e-01
 3.27189379e-01
 3.27175107e-01
 3.27159903e-01
 3.27116548e-01
 3.27078059e-01
 3.26990283e-01
 3.26894793e-01
 3.26842367e-01
 3.26823582e-01
 3.26761073e-01
 3.26719400e-01
 3.26702534e-01
 3.26642681e-01
 3.26623127e-01
 3.26598860e-01
 3.26543354e-01
 3.26495721e-01
 3.26450979e-01
 3.26419023e-01
 3.26402836e-01
 3.26379880e-01
 3.26358526e-01
 3.26336408e-01
 3.26269281e-01
 3.26221904e-01
 3.26201680e-01
 3.26178884e-01
 3.26157433e-01
 3.26132672e-01
 3.26109277e-01
 3.26088752e-01
 3.26062207e-01
 3.26020819e-01
 3.25973354e-01
 3.25887539e-01
 3.25769465e-01
 3.25695260e-01
 3.25666838e-01
 3.25605832e-01
 3.25580940e-01
 3.25544923e-01
 3.25532176e-01
 3.25504544e-01
 3.25438362e-01
 3.25376640e-01
 3.25334922e-01
 3.25306760e-01
 3.25264627e-01
 3.25238973e-01
 3.25203678e-01
 3.25162860e-01
 3.25148049e-01
 3.25087257e-01
 3.25057068e-01
 3.25053878e-01
 3.25034539e-01
 3.25028598e-01
 3.25024378e-01
 3.25000352e-01
 3.24934168e-01
 3.24897184e-01
 3.24887745e-01
 3.24760946e-01
 3.24753140e-01
 3.24747506e-01
 3.24740773e-01
 3.24728462e-01
 3.24720106e-01
 3.24714725e-01
 3.24701526e-01
 3.24643535e-01
 3.24596328e-01
 3.24565235e-01
 3.24549865e-01
 3.24496551e-01
 3.24390144e-01
 3.24353213e-01
 3.24206758e-01
 3.24043151e-01
 3.23982020e-01
 3.23952671e-01
 3.23922705e-01
 3.23897339e-01
 3.23872715e-01
 3.23839635e-01
 3.23808697e-01
 3.23774682e-01
 3.23751161e-01
 3.23726094e-01
 3.23652301e-01
 3.23580049e-01
 3.23540270e-01
 3.23506937e-01
 3.23390740e-01
 3.23340579e-01
 3.23321923e-01
 3.23310598e-01
 3.23296440e-01
 3.23282738e-01
 3.23268347e-01
 3.23254613e-01
 3.23175112e-01
 3.23060746e-01
 3.22942123e-01
 3.22901116e-01
 3.22879659e-01
 3.22860103e-01
 3.22842158e-01
 3.22830066e-01
 3.22819894e-01
 3.22811762e-01
 3.22795144e-01
 3.22765398e-01
 3.22749770e-01
 3.22734905e-01
 3.22715349e-01
 3.22694137e-01
 3.22682582e-01
 3.22679089e-01
 3.22663990e-01
 3.22655074e-01
 3.22650932e-01
 3.22641547e-01
 3.22633406e-01
 3.22600386e-01
 3.22543147e-01
 3.22482801e-01
 3.22418382e-01
 3.22340045e-01
 3.22306275e-01
 3.22266794e-01
 3.22220928e-01
 3.22209140e-01
 3.22199447e-01
 3.22188604e-01
 3.22159026e-01
 3.22133573e-01
 3.22108485e-01
 3.22027801e-01
 3.21933479e-01
 3.21764960e-01
 3.21529429e-01
 3.21362853e-01
 3.21282670e-01
 3.21210142e-01
 3.21158356e-01
 3.21113450e-01
 3.21051916e-01
 3.21034116e-01
 3.21023896e-01
 3.21021196e-01
 3.21010841e-01
 3.21004571e-01
 3.20999678e-01
 3.20992412e-01
 3.20987469e-01
 3.20981858e-01
 3.20961610e-01
 3.20944196e-01
 3.20855271e-01
 3.20808790e-01
 3.20693942e-01
 3.20634269e-01
 3.20554618e-01
 3.20517971e-01
 3.20490344e-01
 3.20413433e-01
 3.20372790e-01
 3.20341572e-01
 3.20315280e-01
 3.20280296e-01
 3.20263585e-01
 3.20257819e-01
 3.20244122e-01
 3.20235893e-01
 3.20231403e-01
 3.20214996e-01
 3.20206571e-01
 3.20201590e-01
 3.20193511e-01
 3.20167220e-01
 3.20133048e-01
 3.20127894e-01
 3.20123664e-01
 3.20116880e-01
 3.20109709e-01
 3.20103585e-01
 3.20097851e-01
 3.20079606e-01
 3.20023434e-01
 3.19722431e-01
 3.19349999e-01
 3.18938301e-01
 3.18872261e-01
 3.18817571e-01
 3.18800795e-01
 3.18754995e-01
 3.18716200e-01
 3.18665876e-01
 3.18647058e-01
 3.18641854e-01
 3.18623893e-01
 3.18609517e-01
 3.18600044e-01
 3.18584181e-01
 3.18570027e-01
 3.18529983e-01
 3.18502498e-01
 3.18484043e-01
 3.18461758e-01
 3.18453875e-01
 3.18444926e-01
 3.18436132e-01
 3.18431633e-01
 3.18429579e-01
 3.18420877e-01
 3.18415091e-01
 3.18411790e-01
 3.18409056e-01
 3.18403094e-01
 3.18399627e-01
 3.18391675e-01
 3.18379983e-01
 3.18369806e-01
 3.18358875e-01
 3.18346998e-01
 3.18329005e-01
 3.18318711e-01
 3.18295314e-01
 3.18239400e-01
 3.18184974e-01
 3.18111462e-01
 3.18045714e-01
 3.18025932e-01
 3.18000913e-01
 3.17979721e-01
 3.17962689e-01
 3.17952687e-01
 3.17931678e-01
 3.17907485e-01
 3.17893880e-01
 3.17878717e-01
 3.17862143e-01
 3.17853587e-01
 3.17844895e-01
 3.17825739e-01
 3.17784088e-01
 3.17726272e-01
 3.17674157e-01
 3.17656570e-01
 3.17640564e-01
 3.17598708e-01
 3.17564549e-01
 3.17530042e-01
 3.17444538e-01
 3.17324228e-01
 3.17305024e-01
 3.17295667e-01
 3.17290569e-01
 3.17288766e-01
 3.17283882e-01
 3.17280815e-01
 3.17278548e-01
 3.17274471e-01
 3.17267275e-01
 3.17259448e-01
 3.17250638e-01
 3.17240861e-01
 3.17236507e-01
 3.17230839e-01
 3.17224329e-01
 3.17221216e-01
 3.17219674e-01
 3.17217418e-01
 3.17215546e-01
 3.17213593e-01
 3.17194241e-01
 3.17104669e-01
 3.16989378e-01
 3.16740815e-01
 3.16384371e-01
 3.16240122e-01
 3.16141585e-01
 3.16047066e-01
 3.15960284e-01
 3.15923599e-01
 3.15904056e-01
 3.15903099e-01
 3.15890497e-01
 3.15880726e-01
 3.15877216e-01
 3.15871975e-01
 3.15867605e-01
 3.15860067e-01
 3.15843926e-01
 3.15833852e-01
 3.15824973e-01
 3.15801401e-01
 3.15793962e-01
 3.15792374e-01
 3.15782586e-01
 3.15774016e-01
 3.15767622e-01
 3.15759728e-01
 3.15750785e-01
 3.15744195e-01
 3.15736102e-01
 3.15731987e-01
 3.15728517e-01
 3.15722643e-01
 3.15718806e-01
 3.15716569e-01
 3.15713788e-01
 3.15711539e-01
 3.15706425e-01
 3.15700166e-01
 3.15685084e-01
 3.15676023e-01
 3.15647029e-01
 3.15607021e-01
 3.15590500e-01
 3.15587237e-01
 3.15573556e-01
 3.15566899e-01
 3.15565254e-01
 3.15553814e-01
 3.15550051e-01
 3.15547837e-01
 3.15544564e-01
 3.15543117e-01
 3.15542535e-01
 3.15539977e-01
 3.15539121e-01
 3.15538009e-01
 3.15531815e-01
 3.15488123e-01
 3.15325638e-01
 3.15248521e-01
 3.15178492e-01
 3.15069241e-01
 3.15003356e-01
 3.14975436e-01
 3.14944682e-01
 3.14926165e-01
 3.14914220e-01
 3.14883726e-01
 3.14871832e-01
 3.14867329e-01
 3.14862055e-01
 3.14850549e-01
 3.14843794e-01
 3.14828392e-01
 3.14820929e-01
 3.14816409e-01
 3.14810341e-01
 3.14804678e-01
 3.14798781e-01
 3.14785484e-01
 3.14769698e-01
 3.14756477e-01
 3.14748676e-01
 3.14745743e-01
 3.14736584e-01
 3.14731842e-01
 3.14727904e-01
 3.14723530e-01
 3.14708602e-01
 3.14701250e-01
 3.14697649e-01
 3.14689632e-01
 3.14678634e-01
 3.14660693e-01
 3.14646082e-01
 3.14622666e-01
 3.14596960e-01
 3.14585584e-01
 3.14579946e-01
 3.14574912e-01
 3.14568109e-01
 3.14561560e-01
 3.14558290e-01
 3.14555224e-01
 3.14544971e-01
 3.14510594e-01
 3.14494704e-01
 3.14472894e-01
 3.14453344e-01
 3.14436513e-01
 3.14388520e-01
 3.14335195e-01
 3.14264107e-01
 3.14236938e-01
 3.14217724e-01
 3.14209737e-01
 3.14199039e-01
 3.14195051e-01
 3.14193796e-01
 3.14189081e-01
 3.14184784e-01
 3.14182288e-01
 3.14179240e-01
 3.14163160e-01
 3.14157388e-01
 3.14154080e-01
 3.14152434e-01
 3.14132516e-01
 3.14114776e-01
 3.14083954e-01
 3.14043180e-01
 3.14005785e-01
 3.13980122e-01
 3.13969509e-01
 3.13956374e-01
 3.13948166e-01
 3.13944933e-01
 3.13940769e-01
 3.13936914e-01
 3.13932336e-01
 3.13919168e-01
 3.13892731e-01
 3.13874133e-01
 3.13858047e-01
 3.13842702e-01
 3.13838166e-01
 3.13818195e-01
 3.13810013e-01
 3.13801139e-01
 3.13793577e-01
 3.13783903e-01
 3.13779241e-01
 3.13777713e-01
 3.13771729e-01
 3.13769299e-01
 3.13767076e-01
 3.13751231e-01
 3.13731485e-01
 3.13723260e-01
 3.13722263e-01
 3.13709817e-01
 3.13706295e-01
 3.13703361e-01
 3.13696007e-01
 3.13691221e-01
 3.13690142e-01
 3.13686530e-01
 3.13684503e-01
 3.13671092e-01
 3.13664274e-01
 3.13660030e-01
 3.13609932e-01
 3.13531119e-01
 3.13484138e-01
 3.13423033e-01
 3.13329424e-01
 3.13272897e-01
 3.13223865e-01
 3.13161688e-01
 3.13139361e-01
 3.13132035e-01
 3.13121113e-01
 3.13116900e-01
 3.13111104e-01
 3.13107412e-01
 3.13104323e-01
 3.13098035e-01
 3.13093900e-01
 3.13092310e-01
 3.13086263e-01
 3.13079719e-01
 3.13072859e-01
 3.13068953e-01
 3.13067568e-01
 3.13051712e-01
 3.13044386e-01
 3.13043729e-01
 3.13034995e-01
 3.13032486e-01
 3.13031641e-01
 3.13021347e-01
 3.13010318e-01
 3.13005922e-01
 3.13001688e-01
 3.12989954e-01
 3.12964398e-01
 3.12938133e-01
 3.12906263e-01
 3.12893478e-01
 3.12886104e-01
 3.12878194e-01
 3.12858339e-01
 3.12843600e-01
 3.12836453e-01
 3.12825998e-01
 3.12822316e-01
 3.12819895e-01
 3.12816821e-01
 3.12807918e-01
 3.12797425e-01
 3.12794127e-01
 3.12791354e-01
 3.12786409e-01
 3.12782558e-01
 3.12781574e-01
 3.12780145e-01
 3.12778692e-01
 3.12777395e-01
 3.12767497e-01
 3.12749499e-01
 3.12683495e-01
 3.12631259e-01
 3.12605437e-01
 3.12583303e-01
 3.12549199e-01
 3.12527324e-01
 3.12512656e-01
 3.12476093e-01
 3.12451705e-01
 3.12441877e-01
 3.12435938e-01
 3.12413635e-01
 3.12401637e-01
 3.12398256e-01
 3.12385587e-01
 3.12382982e-01
 3.12381877e-01
 3.12379234e-01
 3.12375790e-01
 3.12372108e-01
 3.12366529e-01
 3.12361562e-01
 3.12354280e-01
 3.12346111e-01
 3.12343025e-01
 3.12342372e-01
 3.12339574e-01
 3.12338490e-01
 3.12336973e-01
 3.12334279e-01
 3.12331567e-01
 3.12330380e-01
 3.12326524e-01
 3.12321438e-01
 3.12316312e-01
 3.12315315e-01
 3.12313242e-01
 3.12311284e-01
 3.12297307e-01
 3.12258214e-01
 3.12123554e-01
 3.11965792e-01
 3.11855026e-01
 3.11797211e-01
 3.11763758e-01
 3.11746530e-01
 3.11738675e-01
 3.11709919e-01
 3.11696858e-01
 3.11690465e-01
 3.11674645e-01
 3.11664218e-01
 3.11635649e-01
 3.11624708e-01
 3.11617114e-01
 3.11609854e-01
 3.11594372e-01
 3.11583646e-01
 3.11577283e-01
 3.11563459e-01
 3.11556103e-01
 3.11555410e-01
 3.11548077e-01
 3.11545151e-01
 3.11543688e-01
 3.11540527e-01
 3.11528899e-01
 3.11519097e-01
 3.11506796e-01
 3.11496433e-01
 3.11484127e-01
 3.11472954e-01
 3.11460424e-01
 3.11446346e-01
 3.11436474e-01
 3.11424998e-01
 3.11413020e-01
 3.11407252e-01
 3.11403356e-01
 3.11398015e-01
 3.11389539e-01
 3.11384078e-01
 3.11381690e-01
 3.11380179e-01
 3.11378408e-01
 3.11374625e-01
 3.11359903e-01
 3.11313848e-01
 3.11279297e-01
 3.11246568e-01
 3.11153107e-01
 3.11072031e-01
 3.11027068e-01
 3.11000644e-01
 3.10987902e-01
 3.10943352e-01
 3.10916270e-01
 3.10895447e-01
 3.10836122e-01
 3.10799786e-01
 3.10760754e-01
 3.10733119e-01
 3.10711297e-01
 3.10667574e-01
 3.10643895e-01
 3.10635342e-01
 3.10628474e-01
 3.10619270e-01
 3.10601941e-01
 3.10588823e-01
 3.10576901e-01
 3.10561853e-01
 3.10552528e-01
 3.10546844e-01
 3.10541794e-01
 3.10520473e-01
 3.10503688e-01
 3.10490385e-01
 3.10480144e-01
 3.10466397e-01
 3.10443515e-01
 3.10435597e-01
 3.10429572e-01
 3.10424770e-01
 3.10418381e-01
 3.10413633e-01
 3.10410995e-01
 3.10407808e-01
 3.10403877e-01
 3.10400878e-01
 3.10397444e-01
 3.10386641e-01
 3.10375991e-01
 3.10351872e-01
 3.10341133e-01
 3.10334589e-01
 3.10331336e-01
 3.10326560e-01
 3.10322766e-01
 3.10318109e-01
 3.10313285e-01
 3.10304429e-01
 3.10297209e-01
 3.10287418e-01
 3.10284003e-01
 3.10282143e-01
 3.10277398e-01
 3.10270523e-01
 3.10267053e-01
 3.10266090e-01
 3.10263480e-01
 3.10261921e-01
 3.10260012e-01
 3.10258044e-01
 3.10252366e-01
 3.10247271e-01
 3.10230982e-01
 3.10213038e-01
 3.10201222e-01
 3.10188493e-01
 3.10167581e-01
 3.10149125e-01
 3.10143472e-01
 3.10136252e-01
 3.10132086e-01
 3.10128915e-01
 3.10121545e-01
 3.10118414e-01
 3.10117379e-01
 3.10115839e-01
 3.10113630e-01
 3.10107693e-01
 3.10100437e-01
 3.10092987e-01
 3.10088681e-01
 3.10086868e-01
 3.10079082e-01
 3.10075856e-01
 3.10075211e-01
 3.10073315e-01
 3.10072338e-01
 3.10071707e-01
 3.10068997e-01
 3.10067046e-01
 3.10065959e-01
 3.10054094e-01
 3.09979994e-01
 3.09825709e-01
 3.09742875e-01
 3.09737571e-01
 3.09696617e-01
 3.09658213e-01
 3.09625853e-01
